Part A: Test QR factorization
A = 
     0.831      0.402      0.179 
     0.245      0.734       0.27 
     0.867      0.959      0.928 
    0.0447      0.413      0.505 
Q = 
     0.678     -0.472     -0.305 
       0.2      0.687     -0.697 
     0.707      0.232      0.466 
    0.0364      0.501      0.452 
R = 
      1.23       1.11      0.849 
         0      0.744      0.569 
         0          0      0.418 
Q^TQ =
         1  -8.33e-17  -4.16e-16 
 -8.33e-17          1  -5.55e-17 
 -4.16e-16  -5.55e-17          1 
QR =
     0.831      0.402      0.179 
     0.245      0.734       0.27 
     0.867      0.959      0.928 
    0.0447      0.413      0.505 

Test; QR = A, Q orthogonal: Success

Test linear equation solver on square matrix
B = 
    -0.978      0.323      0.646     -0.933 
    -0.128      0.498      0.453     -0.407 
    -0.728      0.862      0.247       -0.8 
     0.627      0.476     -0.918    -0.0308 
b =      0.263     -0.268      0.856      0.283 
x =      -1.68      0.842      -1.06       1.04 
Bx =      0.263     -0.268      0.856      0.283 
Test of linear equation solver: Success

Part B: Matrix inverse:

C = 
     0.964      0.557      0.269     0.0501 
     0.916      0.238      0.444      0.186 
     0.492      0.903      0.777      0.436 
     0.419      0.969       0.52      0.488 
C^-1 = 
     0.381       1.02      -1.07      0.527 
      1.58         -2      0.487      0.161 
    -0.333     -0.146       3.54      -3.08 
      -3.1       3.24      -3.82       4.55 
C*C^-1 = 
         1  -1.39e-16   1.67e-16  -1.67e-16 
 -2.22e-16          1  -2.22e-16   5.55e-16 
 -2.22e-16  -2.22e-16          1   4.44e-16 
  2.22e-16          0   6.66e-16          1 
Test of matrix inverse: Success
