Solving generalised eigenvalue problem

A = 
     0.272      0.857      0.787 
     0.857     0.0173      0.658 
     0.787      0.658      0.278 

B = 
   0.00101     0.0197    0.00531 
    0.0197      0.898      0.658 
   0.00531      0.658       1.49 

Q = 
         1      0.029    0.00793 
   -0.0286      0.839      0.544 
   0.00911     -0.544      0.839 

S = 
  0.000496          0          0 
         0      0.472          0 
         0          0       1.91 

S_inv = 
  2.02e+03          0          0 
         0       2.12          0 
         0          0      0.522 

S_inv_sqrt = 
      44.9          0          0 
         0       1.46          0 
         0          0      0.723 

A_tilde = 
       478       20.4       36.3 
      20.4      -1.04      0.194 
      36.3      0.194      0.428 

Eigenvalues =      -3.46     -0.746        481 

V = 
      3.76      0.791       44.7 
      -1.2      0.649       -1.2 
    0.0904     -0.989       0.42 
