A = 
     0.103      0.601     0.0321 
     0.601      0.375      0.382 
    0.0321      0.382      0.716 
EigenValues:      -0.42      0.491       1.12 
Eigenvalues using opt:      -0.42      0.491       1.12 
Eigenvectors = 
     0.734      0.546      0.404 
     -0.65      0.391      0.652 
     0.198     -0.741      0.642 
Eigenvectors using opt = 
     0.734      0.546      0.404 
     -0.65      0.391      0.652 
     0.198     -0.741      0.642 
V^T*A*V = 
     -0.42  -1.32e-16  -4.86e-17 
 -1.11e-16      0.491   9.66e-12 
 -2.78e-17   9.66e-12       1.12 
V*D*VT = 
     0.103      0.601     0.0321 
     0.601      0.375      0.382 
    0.0321      0.382      0.716 
V^T*V = 
         1   1.11e-16  -2.78e-17 
  1.11e-16          1          0 
 -2.78e-17          0          1 
